1_image_1.png 274.224 307.316 1.58825
1_image_2.png 332.684 453.19 1.65806
1_image_3.png 348.282 458.207 1.78024
1_image_4.png 348.49 457.228 1.78024
1_image_5.png 348.49 457.228 1.78024
1_image_6.png 348.282 458.207 1.78024
1_image_7.png 348.49 457.228 1.78024
1_image_8.png 336.384 286.185 0.314159
1_image_9.png 172.617 452.56 1.78024
1_image_10.png 288.112 378.939 5.72468
1_image_11.png 364.299 414.241 4.97419
1_image_12.png 258.84 518.519 5.09636
1_image_13.png 156.418 342.636 6.10865
1_image_14.png 239.501 451.563 5.35816
1_image_15.png 235.089 518.989 5.88176
1_image_16.png 186.569 353.217 1.55334
1_image_17.png 388.39 456.89 5.16617
1_image_18.png 231.209 353.203 1.8675
1_image_19.png 196.491 490.539 0.418879
1_image_20.png 383.514 278.224 5.27089
1_image_21.png 214.266 404.512 0.15708
1_image_22.png 382.878 275.468 5.27089
1_image_23.png 157.865 427.729 6.26573
1_image_24.png 316.059 227.016 4.88692
