1_image_1.png 286.034 349.949 3.63028
1_image_2.png 241.469 275.698 0.0523599
1_image_3.png 198.718 393.636 0.436332
1_image_4.png 182.354 373.172 0.628319
1_image_5.png 308.933 217.641 0.785398
1_image_6.png 263.504 277.419 0.977384
1_image_7.png 217.348 293.066 1.15192
1_image_8.png 308.151 159.262 1.41372
1_image_9.png 278 271 1.5708
1_image_10.png 283.744 354.629 1.85005
1_image_11.png 282.473 257.344 2.02458
1_image_12.png 257.354 264.613 2.23402
1_image_13.png 225.262 268.503 2.3911
1_image_14.png 277.169 272.865 2.58309
1_image_15.png 231.577 315.191 2.72271
1_image_16.png 173.928 385.286 2.89725
1_image_17.png 193.023 381.885 3.10669
1_image_18.png 237.906 385.606 3.33358
1_image_19.png 286.124 429.123 3.49066
